0000000000000000
0000000100101011
0000000000000000
0000000011111001
0000000000000000
0000010000001100
0000000000000000
0000000111100110
0000000000000000
0000000000000000
0000000000000000
0000000000000000
0000000000000000
0000000001001101
0000000000000000
0000000011100110
0000000000000000
0000000000000000
0000000001101000
0000000000000101
0000000000000000
0000000000000000
0000000101010011
0000000000000000
0000001011000100
0000000000011000
0000000110000000
0000000000000000
0000000000000000
0000000000000000
0000000101010111
0000000111111010
0000000000000000
0000000000000000
0000000000000000
0000000000000000
0000000100100011
0000000001011010
0000000011101011
0000000000000000
0000000000000000
0000000100001001
0000000000000000
0000000000000000
0000000000000000
0000000011100010
0000000101001100
0000010100010010
0000010010111111
0000000000000000
0000001001100101
0000000110100011
0000000101000100
0000000110010000
0000000101010001
0000000000000000
0000000000000000
0000000000000000
0000000000000000
0000000011101110
0000011010011010
0000000000000000
0000000000000000
0000000000000000
