0000000001101001
0000000000001101
0000000000000000
0000000011100000
0000000000000000
0000001111100011
0000000000000000
0000000111101100
0000000000000000
0000000000000000
0000000000000000
0000000000000000
0000000000000000
0000000001001101
0000000000000000
0000000011100110
0000000000000000
0000000000000000
0000000000001111
0000000000000011
0000000001110011
0000000000000000
0000000101011100
0000000000000000
0000001010010001
0000000000000100
0000000001001001
0000000000000000
0000000000000000
0000000000000000
0000000100100010
0000000111001001
0000000000000000
0000000000000000
0000000000000000
0000000000000000
0000000011100010
0000000000000000
0000000100001011
0000000000000000
0000000000000000
0000000011110110
0000000000000000
0000000000000000
0000000000000000
0000000001100000
0000000100001110
0000010100001101
0000010100100001
0000000000000000
0000001010010000
0000000010011001
0000000100110000
0000001000011110
0000000101001010
0000000000000001
0000000000000000
0000000000000000
0000000000000000
0000000010100000
0000011010111011
0000000000000000
0000000000000000
0000000000000000
0000000000000000
0000001010000101
0000000000000000
0000000101101000
0000000000010101
0000001111000101
0000000000000000
0000000111011111
0000000000000000
0000000000000000
0000000000000000
0000000010111000
0000000000000000
0000000100010101
0000000000000000
0000001001011101
0000000000000000
0000000000000000
0000000011111010
0000000000000111
0000000000000000
0000000000000000
0000000111010101
0000000000000000
0000001101010111
0000000000000000
0000001011101001
0000000000000000
0000000000000000
0000000010000011
0000000000000000
0000001001111101
0000000000000000
0000000000000000
0000000000000000
0000000000000000
0000000110001001
0000000001111011
0000000001100000
0000000000100110
0000000000000000
0000000001101111
0000000000000000
0000000000000000
0000000000000000
0000000110000110
0000000111000000
0000011000010100
0000001111011011
0000000000101101
0000001011100001
0000001010001100
0000000010110000
0000000011000011
0000000111000001
0000000000000000
0000000011010010
0000000000000000
0000000011100110
0000000101101110
0000010000101100
0000000000000000
0000000000000000
0000000000000000
0000000000000000
0000001011111110
0000000000000000
0000000100101011
0000000000110101
0000001111000100
0000000000000000
0000000111011010
0000000000000000
0000000000000000
0000000000000000
0000000000101100
0000000000110110
0000000101010110
0000000000000000
0000001010011101
0000000000000000
0000000000000000
0000000100000110
0000000000001000
0000000000000000
0000000000000000
0000001001010111
0000000000000000
0000001110000010
0000000000010001
0000001101001010
0000000000000000
0000000000000000
0000000010111111
0000000000000000
0000001001011110
0000000000000000
0000000000000000
0000000000000000
0000000000000000
0000000110000100
0000000010111110
0000000000000110
0000000000000000
0000000000000000
0000000000110011
0000000000011000
0000000000000000
0000000000000000
0000000110111111
0000000110100010
0000010110001100
0000001111110000
0000000001010110
0000001001100110
0000001011010111
0000000011111100
0000000010010011
0000001000000110
0000000000000000
0000000100100110
0000000000000000
0000000100001000
0000000101111001
0000010011010110
0000000000000000
0000000000000000
0000000000000000
0000000000000000
0000001101111000
0000000000000000
0000000100101000
0000000000000110
0000010000001000
0000000000000000
0000001000101001
0000000000000000
0000000000000000
0000000000000000
0000000000000000
0000000000010000
0000000011011001
0000000000000000
0000001001110110
0000000000000000
0000000000000000
0000000110000111
0000000000000100
0000000000000000
0000000000000000
0000001000101000
0000000000000000
0000001100100100
0000000000101111
0000010000111001
0000000000000000
0000000000000000
0000000010010111
0000000000000000
0000001011000101
0000000000000000
0000000000000000
0000000000000000
0000000000000000
0000000110011000
0000000011000110
0000000001000000
0000000000000000
0000000000000000
0000000000000000
0000000010101101
0000000000000000
0000000000000000
0000001000010111
0000001000010100
0000010110011111
0000001110110100
0000000000100001
0000001010100011
0000001110011100
0000000100010001
0000000001001001
0000000110110010
0000000000000000
0000000010000111
0000000000000000
0000000100101011
0000000110011010
0000010011111010
0000000000000000
0000000000000000
0000000000000000
0000000000000000
0000001101101011
0000000000000000
0000000101101111
0000000000110111
0000001111111110
0000000000000000
0000000111100000
0000000000000000
0000000000000000
0000000000000000
0000000000010001
0000000000000000
0000000100101000
0000000000000000
0000001001011101
0000000000000000
0000000000000000
0000000101010100
0000000000001000
0000000000000000
0000000000000000
0000001000001101
0000000000000000
0000001101001011
0000000000011000
0000001111110011
0000000000000000
0000000000000000
0000000010100001
0000000000000000
0000001010010101
0000000000000000
0000000000000000
0000000000000000
0000000000000000
0000000110110101
0000000011000111
0000000000110100
0000000000000000
0000000000000000
0000000010111010
0000000000000000
0000000000000000
0000000000000000
0000000111110011
0000000111110000
0000010110100000
0000001110101011
0000000001100000
0000001001111101
0000001101011011
0000000011111110
0000000001011000
0000000111100000
0000000000000000
0000000100001111
0000000000000000
0000000100110111
0000000110100000
0000010011011110
0000000000000000
0000000000000000
0000000000000000
